0.243186 0.693865 1
0.834901 0.086292 1
0.987878 0.091420 1
0.419272 0.254557 1
0.398753 0.182756 1
0.857597 0.053759 1
0.202931 0.766022 1
0.114349 0.516558 1
0.091687 0.903948 1
0.237269 0.951995 1
0.515060 0.277675 1
0.855914 0.194755 1
0.437554 0.135666 1
0.765425 0.102455 1
0.134773 0.510836 1
0.113987 0.698984 1
0.124388 0.608281 1
0.878000 0.175283 1
0.063943 0.919705 1
0.999780 0.039171 1
0.030788 0.886296 1
0.430854 0.040073 1
0.780663 0.274026 1
0.032915 0.504565 1
0.103585 0.935418 1
0.599497 0.032897 1
0.979451 0.117910 1
0.001568 0.545776 1
0.640611 0.155974 1
0.160110 0.751120 1
0.473833 0.057418 1
0.705141 0.122067 1
0.495271 0.170539 1
0.926576 0.102326 1
0.087849 0.697564 1
0.402349 0.124636 1
0.503113 0.041230 1
0.189988 0.612340 1
0.721959 0.132960 1
0.066784 0.872060 1
0.481193 0.076336 1
0.264304 0.715641 1
0.117873 0.713376 1
0.882334 0.243046 1
0.854829 0.178725 1
0.267516 0.457928 1
0.026483 0.761885 1
0.930488 0.242005 1
0.920591 0.176846 1
0.235715 0.693336 1
0.815881 0.145886 1
0.147312 0.917767 1
0.012471 0.465340 1
0.251509 0.881763 1
0.908635 0.147449 1
0.473977 0.042982 1
0.810261 0.239659 1
0.493894 0.168033 1
0.690386 0.204121 1
0.257713 0.476246 1
0.914421 0.079986 1
0.257840 0.853155 1
0.079173 0.516266 1
0.125550 0.662101 1
0.207516 0.660461 1
0.428509 0.003518 1
0.040947 0.599149 1
0.908751 0.190950 1
0.086804 0.686440 1
0.747499 0.024488 1
0.085930 0.846840 1
0.674846 0.238620 1
0.641616 0.138466 1
0.057556 0.384511 1
0.167345 0.904774 1
0.658712 0.151247 1
0.970041 0.279433 1
0.972449 0.264315 1
0.854379 0.060855 1
0.166018 0.486403 1
0.653590 0.093050 1
0.165938 0.735257 1
0.599587 0.016690 1
0.227435 0.716252 1
0.846016 0.076466 1
0.252067 0.880655 1
0.468365 0.090528 1
0.180184 0.397510 1
0.064908 0.807722 1
0.982095 0.076306 1
0.161461 0.674007 1
0.032641 0.913553 1
0.507513 0.063687 1
0.268295 0.948406 1
0.170852 0.847684 1
0.261020 0.735353 1
0.813464 0.038466 1
0.680344 0.059178 1
0.177956 0.665135 1
0.841855 0.123269 1
0.088533 0.882027 1
0.403615 0.226356 1
0.109568 0.991914 1
0.193996 0.569077 1
0.936734 0.224472 1
0.577727 0.021469 1
0.049672 0.443571 1
0.264126 0.746632 1
0.384879 0.078018 1
0.666922 0.265921 1
0.181281 0.808075 1
0.785708 0.152481 1
0.238436 0.490775 1
0.668868 0.233600 1
0.166120 0.752973 1
0.844121 0.136493 1
0.041668 0.978180 1
0.900507 0.093257 1
0.425825 0.243722 1
0.473330 0.156362 1
0.045654 0.422588 1
0.905841 0.203777 1
0.063172 0.770669 1
0.016825 0.593786 1
0.159683 0.951763 1
0.085489 0.623760 1
0.501707 0.191157 1
0.064786 0.935273 1
0.024953 0.972798 1
0.222656 0.844986 1
0.467324 0.148575 1
0.504987 0.271084 1
0.215821 0.403376 1
0.873118 0.044626 1
0.188354 0.743529 1
0.927198 0.074400 1
0.014787 0.676588 1
0.613485 0.002605 1
0.449473 0.103614 1
0.210021 0.653968 1
0.850606 0.129319 1
0.624720 0.048840 1
0.063907 0.878355 1
0.240694 0.838533 1
0.925843 0.142035 1
0.596442 0.025410 1
0.186178 0.792847 1
0.274983 0.541152 1
0.426329 0.202599 1
0.191160 0.817394 1
0.209145 0.772672 1
0.112562 0.697829 1
0.573321 0.172824 1
0.269619 0.890671 1
0.282684 0.923124 1
0.272156 0.458578 1
0.812348 0.050201 1
0.697693 0.208241 1
0.787909 0.037011 1
0.588547 0.154022 1
0.005135 0.387054 1
0.157599 0.935531 1
0.514553 0.084192 1
0.083219 0.794143 1
0.225558 0.424466 1
0.253447 0.495372 1
0.469142 0.143205 1
0.156688 0.921142 1
0.082417 0.953347 1
0.203461 0.472023 1
0.267886 0.743071 1
0.937863 0.072752 1
0.600837 0.164240 1
0.784124 0.042979 1
0.120088 0.701322 1
0.646233 0.147750 1
0.750804 0.031517 1
0.957116 0.209646 1
0.197716 0.623436 1
0.689596 0.172106 1
0.443144 0.067897 1
0.036397 0.743844 1
0.835890 0.242019 1
0.430005 0.062823 1
0.171422 0.534604 1
0.411119 0.225278 1
0.263937 0.738346 1
0.512488 0.094101 1
0.477216 0.046691 1
0.159436 0.825622 1
0.122569 0.532737 1
0.095150 0.678277 1
0.402645 0.083869 1
0.032131 0.590821 1
0.230474 0.715943 1
0.046296 0.545512 1
0.880903 0.035347 1
0.098662 0.744009 1
0.718247 0.264770 1
0.769440 0.127552 1
0.239507 0.580484 1
0.805523 0.132547 1
0.391093 0.048292 1
0.204956 0.689066 1
0.015053 0.606030 1
0.157699 0.836008 1
0.561765 0.174203 1
0.009059 0.966267 1
0.437881 0.094755 1
0.099991 0.802714 1
0.257162 0.820265 1
0.689944 0.056852 1
0.019017 0.736173 1
0.085710 0.619298 1
0.994751 0.119081 1
0.059885 0.583294 1
0.238428 0.996669 1
0.651297 0.003576 1
0.491207 0.102373 1
0.263567 0.687754 1
0.169291 0.891988 1
0.933222 0.202879 1
0.003220 0.385724 1
0.621017 0.131815 1
0.214458 0.987852 1
0.975219 0.228191 1
0.708891 0.120985 1
0.625459 0.015630 1
0.137950 0.746744 1
0.109847 0.940562 1
0.109347 0.862959 1
0.865028 0.134201 1
0.228872 0.672839 1
0.260634 0.849509 1
0.225880 0.619011 1
0.058973 0.950411 1
0.698447 0.124180 1
0.200702 0.687540 1
0.242224 0.875705 1
0.401349 0.182986 1
0.818691 0.254592 1
0.198372 0.529026 1
0.612620 0.053698 1
0.503435 0.280606 1
0.212723 0.620589 1
0.129606 0.604158 1
0.173709 0.728979 1
0.564257 0.186752 1
0.281883 0.710671 1
0.093506 0.969125 1
0.473158 0.279189 1
0.243257 0.872110 1
0.504635 0.000979 1
0.782594 0.229442 1
0.184982 0.534592 1
0.138004 0.519841 1
0.210852 0.723274 1
0.128978 0.398492 1
0.654954 0.226793 1
0.742232 0.214283 1
0.523092 0.194551 1
0.093117 0.393043 1
0.271526 0.797781 1
0.451514 0.160633 1
0.816691 0.207443 1
0.007098 0.559662 1
0.044430 0.556338 1
0.074720 0.524963 1
0.794000 0.056108 1
0.975106 0.131724 1
0.233150 0.919848 1
0.557406 0.004422 1
0.494202 0.046123 1
0.615978 0.223013 1
0.861646 0.111532 1
0.436015 0.068440 1
0.743701 0.079453 1
0.225964 0.799324 1
0.811665 0.071893 1
0.776563 0.273743 1
0.029082 0.398300 1
0.106460 0.510231 1
0.199308 0.725786 1
0.038632 0.642719 1
0.150670 0.728831 1
0.920423 0.076994 1
0.061379 0.856784 1
0.037561 0.501176 1
0.113025 0.692537 1
0.000284 0.529440 1
0.233626 0.743219 1
0.641688 0.183482 1
0.452156 0.280159 1
0.126201 0.618385 1
0.068028 0.748284 1
0.275499 0.627265 1
0.600808 0.046544 1
0.229507 0.528909 1
0.102518 0.895816 1
0.019472 0.533439 1
0.782518 0.056514 1
0.112729 0.931045 1
0.140771 0.996494 1
0.445358 0.235708 1
0.865934 0.036394 1
0.623870 0.083314 1
0.939747 0.022887 1
0.412862 0.019961 1
0.036403 0.896999 1
0.259907 0.557960 1
0.594357 0.107423 1
0.989850 0.262447 1
0.937749 0.003672 1
0.517074 0.119734 1
0.023699 0.662712 1
0.195714 0.451770 1
0.413249 0.240061 1
0.025188 0.864630 1
0.024653 0.422885 1
0.542580 0.213994 1
0.574524 0.044966 1
0.250368 0.736740 1
0.270396 0.612755 1
0.008801 0.805938 1
0.463917 0.172278 1
0.269420 0.550280 1
0.066801 0.896094 1
0.043439 0.595028 1
0.476790 0.022226 1
0.104226 0.632024 1
0.819112 0.122470 1
0.108521 0.958063 1
0.709804 0.091099 1
0.627769 0.050893 1
0.945456 0.159745 1
0.080133 0.557404 1
0.171967 0.918549 1
0.257853 0.746514 1
0.678201 0.219341 1
0.066530 0.456572 1
0.569387 0.169664 1
0.463536 0.158527 1
0.952410 0.092186 1
0.565401 0.172321 1
0.083513 0.608539 1
0.012783 0.956071 1
0.158352 0.478457 1
0.978035 0.134563 1
0.207069 0.765036 1
0.152003 0.780669 1
0.764258 0.263772 1
0.432848 0.035016 1
0.671645 0.874346 0
0.478039 0.905535 0
0.423726 0.962675 0
0.158683 0.071909 0
0.636943 0.415750 0
0.463846 0.457328 0
0.997172 0.548727 0
0.832765 0.506275 0
0.715455 0.871029 0
0.985887 0.685465 0
0.768134 0.646564 0
0.458136 0.714921 0
0.929328 0.718755 0
0.542820 0.595994 0
0.787849 0.685805 0
0.032265 0.231664 0
0.197394 0.230801 0
0.912939 0.953561 0
0.869928 0.520418 0
0.997495 0.596940 0
0.526557 0.660667 0
0.732503 0.514907 0
0.724228 0.551235 0
0.641007 0.630014 0
0.612282 0.788756 0
0.153566 0.002665 0
0.477131 0.756278 0
0.901134 0.737741 0
0.551694 0.421089 0
0.590949 0.790160 0
0.839044 0.715063 0
0.611474 0.675037 0
0.035433 0.054606 0
0.674540 0.541855 0
0.414153 0.680625 0
0.743169 0.934336 0
0.951774 0.904664 0
0.493177 0.850594 0
0.598470 0.992551 0
0.654008 0.824601 0
0.397214 0.390494 0
0.394218 0.460424 0
0.816388 0.527560 0
0.614573 0.713578 0
0.775033 0.889771 0
0.843904 0.839918 0
0.850615 0.840709 0
0.902321 0.898567 0
0.481507 0.550633 0
0.490667 0.606460 0
0.624791 0.432041 0
0.603700 0.741571 0
0.692028 0.940031 0
0.573871 0.626760 0
0.511208 0.507122 0
0.766907 0.587383 0
0.012917 0.208271 0
0.048237 0.069983 0
0.914171 0.875079 0
0.436715 0.693902 0
0.596228 0.690752 0
0.055379 0.063588 0
0.236454 0.268409 0
0.955217 0.410203 0
0.806581 0.682124 0
0.604338 0.820487 0
0.797675 0.754886 0
0.729752 0.894402 0
0.565835 0.432132 0
0.525486 0.960933 0
0.892202 0.974342 0
0.396182 0.924717 0
0.264975 0.234581 0
0.900642 0.714498 0
0.710348 0.580747 0
0.750270 0.524412 0
0.711815 0.693713 0
0.215479 0.257378 0
0.763491 0.803738 0
0.812835 0.600363 0
0.971372 0.844751 0
0.648408 0.871520 0
0.240788 0.154351 0
0.954265 0.863682 0
0.666088 0.754463 0
0.819266 0.527207 0
0.944605 0.882334 0
0.617013 0.892928 0
0.908198 0.517267 0
0.250663 0.074160 0
0.046898 0.272525 0
0.987969 0.425367 0
0.840167 0.910630 0
0.204496 0.281323 0
0.691073 0.725448 0
0.051660 0.141940 0
0.723241 0.408153 0
0.550348 0.540586 0
0.609249 0.934521 0
0.989766 0.581543 0
0.990603 0.889483 0
0.569787 0.398241 0
0.187416 0.251447 0
0.746713 0.443747 0
0.554329 0.779912 0
0.485012 0.727770 0
0.924023 0.533939 0
0.715817 0.868992 0
0.526867 0.749260 0
0.602799 0.884965 0
0.823037 0.413164 0
0.947493 0.957599 0
0.941418 0.522896 0
0.914901 0.656623 0
0.711707 0.577989 0
0.445455 0.716013 0
0.455728 0.819604 0
0.818529 0.542348 0
0.972322 0.508919 0
0.884221 0.681670 0
0.915303 0.754259 0
0.761706 0.757575 0
0.792268 0.717549 0
0.959041 0.789918 0
0.419851 0.825162 0
0.487878 0.721873 0
0.589450 0.971782 0
0.815886 0.489161 0
0.471730 0.626674 0
0.033436 0.201383 0
0.616246 0.524036 0
0.060378 0.272027 0
0.832596 0.822214 0
0.427196 0.916947 0
0.453953 0.948267 0
0.834282 0.934172 0
0.581908 0.850345 0
0.827036 0.669717 0
0.502857 0.765792 0
0.739011 0.442372 0
0.668408 0.745605 0
0.632820 0.755747 0
0.586561 0.734656 0
0.444864 0.486972 0
0.446097 0.589098 0
0.951579 0.873912 0
0.174312 0.130737 0
0.440107 0.828615 0
0.942156 0.711375 0
0.867228 0.981756 0
0.190863 0.008097 0
0.713834 0.451890 0
0.500228 0.788242 0
0.971590 0.836630 0
0.525060 0.807963 0
0.845732 0.883174 0
0.726049 0.820294 0
0.420596 0.964601 0
0.853711 0.717761 0
0.575919 0.856632 0
0.490581 0.757723 0
0.736774 0.505506 0
0.097038 0.220141 0
0.692450 0.921624 0
0.502455 0.673897 0
0.916539 0.417749 0
0.720481 0.403509 0
0.846635 0.845363 0
0.178604 0.059242 0
0.898407 0.959270 0
0.198936 0.001166 0
0.046677 0.117895 0
0.415441 0.388490 0
0.061398 0.044672 0
0.768259 0.691653 0
0.694424 0.773419 0
0.778015 0.945711 0
0.800232 0.806663 0
0.724023 0.753302 0
0.448950 0.775699 0
0.898762 0.754935 0
0.608706 0.857041 0
0.701568 0.467079 0
0.755510 0.845430 0
0.957299 0.654791 0
0.939095 0.843740 0
0.636660 0.548415 0
0.152133 0.144809 0
0.751865 0.985482 0
0.617038 0.610879 0
0.741681 0.915092 0
0.415056 0.645255 0
0.907632 0.909509 0
0.829891 0.769059 0
0.833664 0.818958 0
0.588573 0.736383 0
0.110157 0.042648 0
0.761672 0.629958 0
0.553874 0.915669 0
0.045154 0.201933 0
0.644980 0.737107 0
0.977585 0.813701 0
0.955442 0.393722 0
0.747023 0.930372 0
0.927035 0.845085 0
0.730465 0.667412 0
0.642340 0.694999 0
0.674916 0.927625 0
0.438883 0.950385 0
0.848436 0.735220 0
0.834057 0.570597 0
0.946647 0.402728 0
0.777180 0.843977 0
0.397519 0.867528 0
0.973939 0.986547 0
0.624326 0.522778 0
0.005276 0.232531 0
0.950843 0.817069 0
0.909078 0.773577 0
0.963442 0.691707 0
0.517861 0.646366 0
0.696817 0.420438 0
0.908831 0.992982 0
0.692464 0.574219 0
0.860012 0.436814 0
0.855134 0.990666 0
0.201188 0.186336 0
0.416134 0.804732 0
0.632537 0.590595 0
0.410480 0.692797 0
0.949860 0.902187 0
0.118876 0.030716 0
0.242412 0.055352 0
0.895105 0.779675 0
0.911247 0.501847 0
0.841597 0.625459 0
0.394907 0.756973 0
0.414349 0.999707 0
0.528294 0.478863 0
0.126026 0.164895 0
0.573897 0.903447 0
0.574947 0.541677 0
0.860710 0.694790 0
0.627650 0.938768 0
0.640293 0.889197 0
0.422563 0.661428 0
0.913268 0.995462 0
0.393550 0.680693 0
0.444298 0.736004 0
0.843820 0.456416 0
0.913158 0.565561 0
0.649638 0.570284 0
0.983658 0.423632 0
0.596027 0.572280 0
0.765013 0.990116 0
0.060266 0.080775 0
0.680056 0.900512 0
0.165249 0.199861 0
0.506953 0.871308 0
0.991315 0.607126 0
0.500382 0.838968 0
0.851764 0.457376 0
0.730755 0.437067 0
0.673602 0.443002 0
0.541987 0.999582 0
0.056372 0.017478 0
0.787418 0.661335 0
0.033655 0.262958 0
0.813898 0.782607 0
0.972752 0.795699 0
0.853527 0.591009 0
0.639121 0.972276 0
0.774380 0.704574 0
0.783314 0.855158 0
0.622192 0.608116 0
0.518730 0.915122 0
0.958883 0.759425 0
0.988554 0.704489 0
0.460673 0.767837 0
0.122702 0.088735 0
0.932322 0.679318 0
0.542461 0.606244 0
0.683476 0.790566 0
0.517180 0.971491 0
0.537451 0.676685 0
0.222423 0.233356 0
0.045977 0.169222 0
0.000542 0.162017 0
0.228016 0.191978 0
0.578520 0.839362 0
0.683209 0.979623 0
0.739520 0.466563 0
0.565956 0.523161 0
0.260069 0.222813 0
0.866916 0.742740 0
0.913961 0.508541 0
0.795614 0.682580 0
0.718437 0.534351 0
0.240875 0.084829 0
0.900394 0.727585 0
0.384652 0.963275 0
0.422233 0.692429 0
0.791638 0.519841 0
0.677129 0.937773 0
0.521286 0.794451 0
0.569627 0.948644 0
0.203181 0.145021 0
0.421785 0.445322 0
0.430894 0.578948 0
0.898181 0.794500 0
0.604788 0.958807 0
0.795361 0.791301 0
0.920908 0.826864 0
0.680634 0.659295 0
0.439038 0.966368 0
0.171190 0.066685 0
0.621125 0.697386 0
0.822371 0.412795 0
0.574243 0.889572 0
0.838368 0.472489 0
0.565350 0.431025 0
0.804353 0.412578 0
0.727929 0.429514 0
0.943289 0.418666 0
0.890693 0.822567 0
0.552780 0.729301 0
0.432461 0.401819 0
0.003898 0.171830 0
0.606617 0.666849 0
0.687271 0.931501 0
0.219863 0.029087 0
0.435819 0.869099 0
0.875204 0.441459 0
0.864407 0.696514 0
0.498267 0.437011 0
0.874608 0.518345 0
0.432671 0.634360 0
0.695532 0.540443 0
0.946749 0.763002 0
0.703933 0.479491 0
0.114171 0.098159 0
0.985591 0.637403 0
0.592218 0.881287 0
0.821236 0.708492 0
0.898372 0.976360 0
0.892185 0.570506 0
0.475595 0.606166 0
0.858813 0.929641 0
0.260653 0.185921 0
0.841494 0.544347 0
0.919519 0.687633 0
0.471903 0.651988 0
0.964747 0.868227 0
0.653453 0.890759 0
0.789623 0.852008 0
0.560159 0.738587 0
0.496964 0.624589 0
0.193663 0.102899 0
0.952106 0.743371 0
0.873722 0.636966 0
0.509343 0.522858 0
0.546745 0.703439 0
0.816271 0.463500 0
0.675100 0.401365 0
0.047340 0.112493 0
0.264964 0.131882 0
0.726066 0.387124 0
0.632723 0.869017 0
0.188853 0.280251 0
0.914726 0.640717 0
0.848726 0.834370 0
0.081155 0.048618 0
0.835169 0.571644 0
0.928009 0.396776 0
0.601947 0.754864 0
0.546943 0.698802 0
0.400199 0.677492 0
0.977524 0.987153 0
0.399321 0.756903 0
0.597018 0.794964 0
0.058164 0.005412 0
0.565791 0.457804 0
0.764091 0.570999 0
0.664340 0.987501 0
0.432320 0.487023 0
0.032594 0.238184 0
0.530585 0.702879 0
0.489475 0.612229 0
0.960596 0.659151 0
0.464383 0.911271 0
0.650675 0.778517 0
0.938359 0.633046 0
0.884075 0.809714 0
0.449668 0.605520 0
0.744372 0.788288 0
0.943113 0.723186 0
0.492612 0.653230 0
0.552865 0.850479 0
0.961047 0.937662 0
0.901388 0.726336 0
0.061234 0.260877 0
0.922083 0.694800 0
0.462638 0.767442 0
0.172211 0.097630 0
0.169674 0.062480 0
0.667912 0.945675 0
0.833487 0.860337 0
0.019425 0.054901 0
0.546254 0.655545 0
0.795754 0.695360 0
0.602802 0.436575 0
0.042642 0.128868 0
0.857917 0.426625 0
0.915179 0.651525 0
0.078116 0.098643 0
0.563287 0.628264 0
0.849840 0.603630 0
0.103261 0.055158 0
0.391401 0.957299 0
0.507015 0.626051 0
0.582582 0.766511 0
0.981071 0.693994 0
0.631045 0.762067 0
0.151851 0.128841 0
0.666648 0.992690 0
0.388028 0.735526 0
0.470970 0.667889 0
0.091446 0.267888 0
0.487223 0.773881 0
0.510494 0.669661 0
0.538039 0.952350 0
0.821313 0.974097 0
0.919681 0.863343 0
0.918227 0.513171 0
0.916831 0.894279 0
0.899990 0.405747 0
0.577109 0.749294 0
0.158205 0.113267 0
0.458158 0.664549 0
0.025161 0.046931 0
0.987670 0.672619 0
0.027192 0.248700 0
0.426840 0.584706 0
0.996243 0.843901 0
0.403685 0.802621 0
0.817042 0.589503 0
0.422243 0.753926 0
0.745617 0.537048 0
0.801789 0.956825 0
0.463956 0.929287 0
0.955196 0.700662 0
0.475258 0.932527 0
0.036525 0.252128 0
0.493932 0.654021 0
0.631259 0.724219 0
0.709973 0.699938 0
0.851425 0.770099 0
0.749063 0.752077 0
0.034415 0.028842 0
0.609600 0.840784 0
0.128784 0.260940 0
0.753875 0.839707 0
0.233036 0.055032 0
0.458801 0.396413 0
0.866546 0.613416 0
