2.651806 4.460111 1
0.262889 3.787780 1
3.352543 3.427952 1
1.079648 3.694234 1
2.860322 5.742693 1
3.057910 4.302563 1
3.724979 4.013459 1
3.193352 3.536294 1
1.958329 4.109028 1
0.850121 5.993139 1
2.482113 4.285955 1
2.995412 2.703655 1
2.082053 4.485665 1
2.570267 3.222307 1
3.179567 3.861942 1
4.449427 3.648236 1
3.649535 4.713944 1
0.138392 4.111567 1
0.818758 5.449142 1
1.385828 3.000448 1
1.790331 4.618608 1
3.492782 4.221158 1
2.995322 6.046502 1
1.951793 5.343643 1
3.546754 4.303009 1
2.859538 4.585369 1
3.267749 4.481994 1
3.459656 3.389259 1
1.914014 4.921566 1
0.429493 4.144284 1
3.214764 3.623099 1
3.880960 3.813808 1
2.037311 4.299545 1
3.721712 4.681524 1
2.909722 3.449802 1
1.885272 5.416245 1
2.430585 3.074365 1
2.271801 4.868704 1
2.764514 4.131513 1
2.253459 3.112194 1
2.678102 4.328082 1
3.286127 3.041898 1
2.279021 3.394253 1
2.204024 4.303131 1
1.015997 3.773444 1
3.008655 3.599315 1
3.088002 3.075773 1
2.714212 3.251903 1
2.444915 3.690165 1
2.914758 3.733539 1
1.999243 2.435429 1
2.200347 3.420251 1
2.309524 4.333698 1
2.567588 4.971864 1
2.630592 5.349199 1
3.668172 3.487916 1
2.532140 4.418391 1
3.498050 5.143500 1
3.761190 5.870622 1
2.059091 2.759082 1
2.494853 4.312923 1
1.385280 4.001517 1
1.742361 3.808395 1
2.746477 3.850215 1
1.557794 4.098529 1
1.547688 4.899999 1
1.625282 4.975440 1
0.749851 4.185846 1
2.289626 3.282546 1
2.079292 2.876618 1
1.846398 2.076488 1
1.360561 3.944224 1
3.044964 2.927491 1
2.889321 4.261610 1
1.672879 5.282543 1
4.894044 2.623231 1
2.297528 3.207051 1
3.126454 4.427589 1
3.232461 4.974703 1
2.460063 4.679193 1
2.862879 4.381326 1
2.510103 2.278404 1
1.534941 4.160775 1
0.942292 3.427240 1
2.764980 3.476602 1
2.959139 1.972384 1
2.587564 3.564986 1
2.185439 6.697577 1
2.237741 3.524669 1
4.647028 2.920536 1
2.046489 5.252022 1
2.673345 3.679683 1
5.018398 4.728679 1
1.354430 3.399432 1
2.856234 3.706043 1
3.857759 3.163856 1
2.050239 4.359607 1
2.475777 3.732832 1
3.632312 3.457114 1
3.881504 3.613254 1
-0.873454 4.380749 2
-0.298009 4.938179 2
-0.997408 4.861839 2
-3.156035 2.707311 2
-2.032738 3.924358 2
-2.484274 1.643923 2
-3.023857 5.767728 2
-2.288625 5.816869 2
-1.748465 3.790189 2
-2.312882 4.385936 2
-3.455552 5.824228 2
-0.771639 3.565882 2
-1.780211 5.171721 2
-0.857111 4.318613 2
-3.755816 5.040511 2
-2.584665 4.824545 2
-2.800758 5.236472 2
-3.388386 4.333194 2
-3.186402 5.690495 2
-3.470704 3.778145 2
-1.032436 3.068009 2
-3.237169 5.899878 2
-1.834967 4.723044 2
-1.690865 3.355979 2
-1.381035 3.497683 2
0.336283 4.227958 2
-2.285588 6.042359 2
-2.736655 3.206973 2
-1.503044 2.783923 2
-3.119557 4.623458 2
-0.350691 5.698322 2
-3.295763 6.469965 2
-1.662491 4.884447 2
-2.305405 6.065599 2
-1.908220 4.109681 2
-1.889759 3.445400 2
-2.986284 3.354166 2
-3.288721 4.125621 2
-1.903711 5.229391 2
-2.219103 5.901323 2
0.931465 5.780262 2
-0.694902 5.575613 2
0.899440 4.752553 2
-2.743979 4.525657 2
-2.382668 3.315419 2
-2.071304 5.548183 2
-0.351658 5.257511 2
-2.495842 4.053176 2
-2.572791 3.602061 2
0.060838 4.398778 2
-1.977174 3.849870 2
-0.447056 5.291518 2
-0.178680 5.040397 2
-2.732481 6.861781 2
-0.226643 6.841751 2
-2.096980 5.565304 2
-1.020112 3.318971 2
-3.156326 4.614085 2
-1.012983 4.256871 2
-1.916787 6.326073 2
-1.719246 5.796788 2
-1.429732 3.279670 2
-2.183696 4.883144 2
-1.062197 4.910495 2
-2.518160 3.058165 2
-1.099929 4.644303 2
-1.966434 5.375378 2
-1.545975 4.126412 2
-1.061945 4.182690 2
-0.812391 5.132409 2
-2.648917 6.015138 2
-0.885742 4.640746 2
-1.309946 4.747747 2
-1.462079 4.695745 2
-1.717616 7.098392 2
-2.951929 4.310393 2
-3.368446 5.428120 2
-2.787834 5.135245 2
-0.328687 5.173452 2
-2.054850 3.178673 2
-3.519343 4.018779 2
-0.187000 3.619704 2
-1.729202 5.051199 2
-1.173750 5.348921 2
-1.935764 4.923132 2
-3.385080 4.220000 2
-2.428671 3.735493 2
-1.758691 3.228649 2
-0.856962 4.113869 2
-0.997629 5.255084 2
-1.761798 3.603652 2
-0.496881 4.183449 2
-1.989519 4.285763 2
-0.785766 6.193339 2
-3.214611 5.295788 2
-3.394028 3.200942 2
-1.047564 3.177761 2
-1.617777 5.497559 2
-2.109418 1.487207 2
-1.604358 6.046575 2
-0.193419 0.475471 3
1.196757 -0.489463 3
0.260298 -0.499703 3
0.350450 -0.079890 3
-0.449745 1.750762 3
0.383715 -0.190141 3
-0.574974 -0.175342 3
0.978205 -0.736117 3
-1.584229 0.384305 3
2.229598 -0.755807 3
0.068415 0.684089 3
-1.321900 0.173988 3
1.337121 -0.355475 3
-2.441597 -0.103916 3
-1.383278 -0.178824 3
0.247417 1.967952 3
0.962146 0.257711 3
0.519163 1.185003 3
-0.218940 -1.525341 3
0.914594 -1.028905 3
-1.508323 -1.675511 3
-1.356054 -0.187629 3
-0.214969 -0.193213 3
-0.164574 -0.746606 3
-0.166913 0.312340 3
0.528675 -0.035363 3
-1.223802 1.024297 3
0.839653 -0.267252 3
0.322542 -0.001467 3
0.398073 2.299130 3
0.729424 -0.436450 3
-0.785116 0.274383 3
1.228889 -0.495593 3
-0.371821 0.578899 3
0.296441 0.004746 3
0.983113 -0.963830 3
0.393145 -0.523152 3
-0.085131 -0.875641 3
-0.305726 -0.371743 3
0.521108 -1.093499 3
0.499797 -0.405845 3
1.064832 -0.937247 3
-0.823326 -0.651793 3
0.623011 0.821338 3
-0.247355 -0.245802 3
0.520271 3.130664 3
-0.155702 -0.166543 3
-0.807837 0.843046 3
-1.270437 -0.024596 3
-0.808056 -0.960035 3
-1.902107 0.079878 3
-0.508899 1.417582 3
0.685099 0.050573 3
-0.341172 0.001105 3
1.379591 -0.389565 3
-0.875817 1.098264 3
1.359059 1.074235 3
-0.460018 -3.080261 3
0.596529 -1.857228 3
1.438674 0.753268 3
2.016521 0.845105 3
0.060152 -0.056408 3
0.154818 -0.394266 3
-0.244818 -0.499683 3
0.786365 -0.598072 3
0.691989 0.806208 3
0.416926 0.168999 3
-0.408539 1.302576 3
-0.769473 -2.181661 3
0.380207 -0.998063 3
0.149288 0.420418 3
0.810580 0.558125 3
0.621937 -0.549007 3
-0.631138 -0.616178 3
0.101365 0.006521 3
0.637536 1.330255 3
1.098262 -1.280926 3
-0.220664 -0.556847 3
-0.363365 -0.706268 3
0.006746 0.895186 3
0.625441 1.093506 3
0.246935 0.272580 3
-0.933098 0.666158 3
-1.249125 0.534591 3
-1.700671 0.593511 3
0.434973 -0.562567 3
0.038930 -0.595513 3
0.465785 -1.747481 3
0.125978 -0.194151 3
0.345722 1.013339 3
-1.927626 0.555588 3
-0.983137 -0.961057 3
0.033895 -1.165245 3
0.029612 0.592042 3
-0.243498 1.290979 3
0.729048 1.060589 3
0.323347 0.251642 3
0.081089 -0.686019 3
0.004016 -1.178317 3
-0.982285 -1.309605 3
-0.174860 -1.030424 3
0.524246 0.899825 3
-0.468266 -0.910962 3
-1.008735 0.972988 3
-0.291591 1.493642 3
0.643491 0.526776 3
-1.550830 1.128529 3
-0.646727 -0.692545 3
-1.262875 0.637123 3
0.632733 -1.034597 3
-0.160834 -0.281688 3
0.760715 2.005591 3
-1.922491 0.180467 3
2.706647 0.858532 3
1.499673 -0.442986 3
0.042544 0.693694 3
-0.987673 -0.561629 3
0.205964 -0.601267 3
1.084274 0.716730 3
0.377696 3.145698 3
0.663228 -1.435942 3
-0.954118 -0.432946 3
0.592404 0.687058 3
-0.160870 0.177266 3
0.918781 -0.548936 3
-1.921947 1.201475 3
-0.346828 0.718001 3
-0.813883 1.569275 3
0.267940 0.403293 3
1.360007 0.351932 3
0.931740 -0.688360 3
0.246540 -0.052434 3
0.407829 0.765495 3
0.293861 0.402498 3
-0.338347 1.052298 3
-1.166250 3.046281 3
1.089160 0.487573 3
-0.178345 2.268371 3
0.670630 -1.171712 3
-0.356765 -0.048278 3
2.297524 -1.127304 3
-0.654674 1.242468 3
0.199066 -2.465006 3
-1.289377 -0.468837 3
-0.110119 0.220021 3
-1.695933 0.575173 3
1.071593 0.503766 3
1.265222 -1.604319 3
-0.412680 1.850911 3
1.011398 -0.291015 3
-1.024482 -1.371897 3
-0.244598 1.598988 3
-0.980319 -0.112601 3
0.612166 0.336758 3
1.754205 -0.809044 3
-1.453120 1.010219 3
-0.054101 0.124857 3
1.432767 -0.897405 3
0.547269 1.295862 3
-0.770898 1.315186 3
0.079020 0.789417 3
0.433059 -0.733860 3
0.527716 0.992750 3
-0.477466 0.930105 3
0.969095 0.755532 3
0.956913 0.201850 3
-0.799997 -0.790769 3
0.067091 -1.394342 3
-0.923803 -0.245213 3
1.415432 -0.662988 3
1.079008 -0.572539 3
1.211876 -0.410485 3
-1.056732 -0.515405 3
1.348550 -0.102050 3
-0.760432 1.162663 3
-0.259695 0.748636 3
0.301605 0.354936 3
-1.433412 0.761449 3
0.810989 -0.212484 3
1.050019 -1.836298 3
-0.151421 -1.523091 3
-0.220608 1.699695 3
-0.425381 0.167338 3
0.029594 0.518184 3
2.015374 -2.338766 3
1.309882 -0.456392 3
-2.191765 1.687387 3
-0.739181 -1.643440 3
0.310121 -2.049741 3
1.708333 1.565378 3
0.629478 -0.263548 3
1.048961 -1.381935 3
0.806473 1.619304 3
-0.364588 0.819574 3
-1.461994 0.185109 3
-0.134663 0.993380 3
-0.130656 1.094463 3
-0.940529 -1.269164 3
-0.577233 -0.028667 3
-1.033437 -1.188286 3
